sample	Haplotype	BnC02SNP62974189	BnC02SNP62974201	BnC02SNP62974202	BnC02SNP62974203	BnC02SNP62974229	BnC02SNP62974249	BnC02SNP62974269	BnC02SNP62974300	BnC02SNP62974313	BnC02SNP62974332	BnC02SNP62974346	BnC02SNP62974384	BnC02SNP62974405	BnC02SNP62974416	BnC02SNP62974429	BnC02SNP62974433
X636	Hap2	0	0	0	0	0	0	0	0	0	2	0	0	0	2	0	0
X976	Hap2	0	0	0	0	0	0	0	0	0	2	0	0	0	2	0	0
X996	Hap2	0	0	0	0	0	0	0	0	0	0	0	0	0	0	0	0
X992	Hap2	0	0	0	0	0	0	0	0	0	0	0	0	0	0	0	0
X984	Hap2	0	0	0	0	0	0	0	0	0	0	0	0	0	0	0	0
X980	Hap2	0	0	0	0	0	0	0	0	0	0	0	0	0	0	0	0
X98	Hap2	0	0	0	0	0	0	0	0	0	0	0	0	0	0	0	0
X974	Hap2	0	0	0	0	0	0	0	0	0	0	0	0	0	0	0	0
X972	Hap2	0	0	0	0	0	0	0	0	0	0	0	0	0	0	0	0
X970	Hap2	0	0	0	0	0	0	0	0	0	0	0	0	0	0	0	0
X964	Hap2	0	0	0	0	0	0	0	0	0	0	0	0	0	0	0	0
X962	Hap2	0	0	0	0	0	0	0	0	0	0	0	0	0	0	0	0
X960	Hap2	0	0	0	0	0	0	0	0	0	0	0	0	0	0	0	0
X958	Hap2	0	0	0	0	0	0	0	0	0	0	0	0	0	0	0	0
X956	Hap2	0	0	0	0	0	0	0	0	0	0	0	0	0	0	0	0
X952	Hap2	0	0	0	0	0	0	0	0	0	0	0	0	0	0	0	0
X948	Hap2	0	0	0	0	0	0	0	0	0	0	0	0	0	0	0	0
X946	Hap2	0	0	0	0	0	0	0	0	0	0	0	0	0	0	0	0
X94	Hap2	0	0	0	0	0	0	0	0	0	0	0	0	0	0	0	0
X938	Hap2	0	0	0	0	0	0	0	0	0	0	0	0	0	0	0	0
X936	Hap2	0	0	0	0	0	0	0	0	0	0	0	0	0	0	0	0
X934	Hap2	0	0	0	0	0	0	0	0	0	0	0	0	0	0	0	0
X932	Hap2	0	0	0	0	0	0	0	0	0	0	0	0	0	0	0	0
X930	Hap2	0	0	0	0	0	0	0	0	0	0	0	0	0	0	0	0
X928	Hap2	0	0	0	0	0	0	0	0	0	0	0	0	0	0	0	0
X926	Hap2	0	0	0	0	0	0	0	0	0	0	0	0	0	0	0	0
X924	Hap2	0	0	0	0	0	0	0	0	0	0	0	0	0	0	0	0
X922	Hap2	0	0	0	0	0	0	0	0	0	0	0	0	0	0	0	0
X920	Hap2	0	0	0	0	0	0	0	0	0	0	0	0	0	0	0	0
X918	Hap2	0	0	0	0	0	0	0	0	0	0	0	0	0	0	0	0
X916	Hap2	0	0	0	0	0	0	0	0	0	0	0	0	0	0	0	0
X914	Hap2	0	0	0	0	0	0	0	0	0	0	0	0	0	0	0	0
X912	Hap2	0	0	0	0	0	0	0	0	0	0	0	0	0	0	0	0
X910	Hap2	0	0	0	0	0	0	0	0	0	0	0	0	0	0	0	0
X908	Hap2	0	0	0	0	0	0	0	0	0	0	0	0	0	0	0	0
X906	Hap2	0	0	0	0	0	0	0	0	0	0	0	0	0	0	0	0
X904	Hap2	0	0	0	0	0	0	0	0	0	0	0	0	0	0	0	0
X902	Hap2	0	0	0	0	0	0	0	0	0	0	0	0	0	0	0	0
X900	Hap2	0	0	0	0	0	0	0	0	0	0	0	0	0	0	0	0
X90	Hap2	0	0	0	0	0	0	0	0	0	0	0	0	0	0	0	0
X898	Hap2	0	0	0	0	0	0	0	0	0	0	0	0	0	0	0	0
X896	Hap2	0	0	0	0	0	0	0	0	0	0	0	0	0	0	0	0
X894	Hap2	0	0	0	0	0	0	0	0	0	0	0	0	0	0	0	0
X892	Hap2	0	0	0	0	0	0	0	0	0	0	0	0	0	0	0	0
X890	Hap2	0	0	0	0	0	0	0	0	0	0	0	0	0	0	0	0
X888	Hap2	0	0	0	0	0	0	0	0	0	0	0	0	0	0	0	0
X884	Hap2	0	0	0	0	0	0	0	0	0	0	0	0	0	0	0	0
X880	Hap2	0	0	0	0	0	0	0	0	0	0	0	0	0	0	0	0
X88	Hap2	0	0	0	0	0	0	0	0	0	0	0	0	0	0	0	0
X878	Hap2	0	0	0	0	0	0	0	0	0	0	0	0	0	0	0	0
X876	Hap2	0	0	0	0	0	0	0	0	0	0	0	0	0	0	0	0
X872	Hap2	0	0	0	0	0	0	0	0	0	0	0	0	0	0	0	0
X868	Hap2	0	0	0	0	0	0	0	0	0	0	0	0	0	0	0	0
X866	Hap2	0	0	0	0	0	0	0	0	0	0	0	0	0	0	0	0
X864	Hap2	0	0	0	0	0	0	0	0	0	0	0	0	0	0	0	0
X862	Hap2	0	0	0	0	0	0	0	0	0	0	0	0	0	0	0	0
X860	Hap2	0	0	0	0	0	0	0	0	0	0	0	0	0	0	0	0
X86	Hap2	0	0	0	0	0	0	0	0	0	0	0	0	0	0	0	0
X858	Hap2	0	0	0	0	0	0	0	0	0	0	0	0	0	0	0	0
X854	Hap2	0	0	0	0	0	0	0	0	0	0	0	0	0	0	0	0
X852	Hap2	0	0	0	0	0	0	0	0	0	0	0	0	0	0	0	0
X848	Hap2	0	0	0	0	0	0	0	0	0	0	0	0	0	0	0	0
X844	Hap2	0	0	0	0	0	0	0	0	0	0	0	0	0	0	0	0
X842	Hap2	0	0	0	0	0	0	0	0	0	0	0	0	0	0	0	0
X840	Hap2	0	0	0	0	0	0	0	0	0	0	0	0	0	0	0	0
X84	Hap2	0	0	0	0	0	0	0	0	0	0	0	0	0	0	0	0
X838	Hap2	0	0	0	0	0	0	0	0	0	0	0	0	0	0	0	0
X836	Hap2	0	0	0	0	0	0	0	0	0	0	0	0	0	0	0	0
X834	Hap2	0	0	0	0	0	0	0	0	0	0	0	0	0	0	0	0
X830	Hap2	0	0	0	0	0	0	0	0	0	0	0	0	0	0	0	0
X826	Hap2	0	0	0	0	0	0	0	0	0	0	0	0	0	0	0	0
X824	Hap2	0	0	0	0	0	0	0	0	0	0	0	0	0	0	0	0
X822	Hap2	0	0	0	0	0	0	0	0	0	0	0	0	0	0	0	0
X820	Hap2	0	0	0	0	0	0	0	0	0	0	0	0	0	0	0	0
X82	Hap2	0	0	0	0	0	0	0	0	0	0	0	0	0	0	0	0
X818	Hap2	0	0	0	0	0	0	0	0	0	0	0	0	0	0	0	0
X816	Hap2	0	0	0	0	0	0	0	0	0	0	0	0	0	0	0	0
X814	Hap2	0	0	0	0	0	0	0	0	0	0	0	0	0	0	0	0
X810	Hap2	0	0	0	0	0	0	0	0	0	0	0	0	0	0	0	0
X808	Hap2	0	0	0	0	0	0	0	0	0	0	0	0	0	0	0	0
X804	Hap2	0	0	0	0	0	0	0	0	0	0	0	0	0	0	0	0
X802	Hap2	0	0	0	0	0	0	0	0	0	0	0	0	0	0	0	0
X800	Hap2	0	0	0	0	0	0	0	0	0	0	0	0	0	0	0	0
X80	Hap2	0	0	0	0	0	0	0	0	0	0	0	0	0	0	0	0
X8	Hap2	0	0	0	0	0	0	0	0	0	0	0	0	0	0	0	0
X798	Hap2	0	0	0	0	0	0	0	0	0	0	0	0	0	0	0	0
X796	Hap2	0	0	0	0	0	0	0	0	0	0	0	0	0	0	0	0
X794	Hap2	0	0	0	0	0	0	0	0	0	0	0	0	0	0	0	0
X790	Hap2	0	0	0	0	0	0	0	0	0	0	0	0	0	0	0	0
X786	Hap2	0	0	0	0	0	0	0	0	0	0	0	0	0	0	0	0
X784	Hap2	0	0	0	0	0	0	0	0	0	0	0	0	0	0	0	0
X782	Hap2	0	0	0	0	0	0	0	0	0	0	0	0	0	0	0	0
X78	Hap2	0	0	0	0	0	0	0	0	0	0	0	0	0	0	0	0
X778	Hap2	0	0	0	0	0	0	0	0	0	0	0	0	0	0	0	0
X776	Hap2	0	0	0	0	0	0	0	0	0	0	0	0	0	0	0	0
X774	Hap2	0	0	0	0	0	0	0	0	0	0	0	0	0	0	0	0
X772	Hap2	0	0	0	0	0	0	0	0	0	0	0	0	0	0	0	0
X770	Hap2	0	0	0	0	0	0	0	0	0	0	0	0	0	0	0	0
X768	Hap2	0	0	0	0	0	0	0	0	0	0	0	0	0	0	0	0
X766	Hap2	0	0	0	0	0	0	0	0	0	0	0	0	0	0	0	0
X764	Hap2	0	0	0	0	0	0	0	0	0	0	0	0	0	0	0	0
X760	Hap2	0	0	0	0	0	0	0	0	0	0	0	0	0	0	0	0
X76	Hap2	0	0	0	0	0	0	0	0	0	0	0	0	0	0	0	0
X758	Hap2	0	0	0	0	0	0	0	0	0	0	0	0	0	0	0	0
X756	Hap2	0	0	0	0	0	0	0	0	0	0	0	0	0	0	0	0
X754	Hap2	0	0	0	0	0	0	0	0	0	0	0	0	0	0	0	0
X748	Hap2	0	0	0	0	0	0	0	0	0	0	0	0	0	0	0	0
X746	Hap2	0	0	0	0	0	0	0	0	0	0	0	0	0	0	0	0
X744	Hap2	0	0	0	0	0	0	0	0	0	0	0	0	0	0	0	0
X742	Hap2	0	0	0	0	0	0	0	0	0	0	0	0	0	0	0	0
X740	Hap2	0	0	0	0	0	0	0	0	0	0	0	0	0	0	0	0
X74	Hap2	0	0	0	0	0	0	0	0	0	0	0	0	0	0	0	0
X736	Hap2	0	0	0	0	0	0	0	0	0	0	0	0	0	0	0	0
X732	Hap2	0	0	0	0	0	0	0	0	0	0	0	0	0	0	0	0
X722	Hap2	0	0	0	0	0	0	0	0	0	0	0	0	0	0	0	0
X720	Hap2	0	0	0	0	0	0	0	0	0	0	0	0	0	0	0	0
X72	Hap2	0	0	0	0	0	0	0	0	0	0	0	0	0	0	0	0
X718	Hap2	0	0	0	0	0	0	0	0	0	0	0	0	0	0	0	0
X716	Hap2	0	0	0	0	0	0	0	0	0	0	0	0	0	0	0	0
X714	Hap2	0	0	0	0	0	0	0	0	0	0	0	0	0	0	0	0
X712	Hap2	0	0	0	0	0	0	0	0	0	0	0	0	0	0	0	0
X710	Hap2	0	0	0	0	0	0	0	0	0	0	0	0	0	0	0	0
X708	Hap2	0	0	0	0	0	0	0	0	0	0	0	0	0	0	0	0
X706	Hap2	0	0	0	0	0	0	0	0	0	0	0	0	0	0	0	0
X704	Hap2	0	0	0	0	0	0	0	0	0	0	0	0	0	0	0	0
X702	Hap2	0	0	0	0	0	0	0	0	0	0	0	0	0	0	0	0
X700	Hap2	0	0	0	0	0	0	0	0	0	0	0	0	0	0	0	0
X698	Hap2	0	0	0	0	0	0	0	0	0	0	0	0	0	0	0	0
X696	Hap2	0	0	0	0	0	0	0	0	0	0	0	0	0	0	0	0
X694	Hap2	0	0	0	0	0	0	0	0	0	0	0	0	0	0	0	0
X692	Hap2	0	0	0	0	0	0	0	0	0	0	0	0	0	0	0	0
X690	Hap2	0	0	0	0	0	0	0	0	0	0	0	0	0	0	0	0
X688	Hap2	0	0	0	0	0	0	0	0	0	0	0	0	0	0	0	0
X686	Hap2	0	0	0	0	0	0	0	0	0	0	0	0	0	0	0	0
X682	Hap2	0	0	0	0	0	0	0	0	0	0	0	0	0	0	0	0
X680	Hap2	0	0	0	0	0	0	0	0	0	0	0	0	0	0	0	0
X678	Hap2	0	0	0	0	0	0	0	0	0	0	0	0	0	0	0	0
X676	Hap2	0	0	0	0	0	0	0	0	0	0	0	0	0	0	0	0
X672	Hap2	0	0	0	0	0	0	0	0	0	0	0	0	0	0	0	0
X668	Hap2	0	0	0	0	0	0	0	0	0	0	0	0	0	0	0	0
X666	Hap2	0	0	0	0	0	0	0	0	0	0	0	0	0	0	0	0
X664	Hap2	0	0	0	0	0	0	0	0	0	0	0	0	0	0	0	0
X662	Hap2	0	0	0	0	0	0	0	0	0	0	0	0	0	0	0	0
X660	Hap2	0	0	0	0	0	0	0	0	0	0	0	0	0	0	0	0
X66	Hap2	0	0	0	0	0	0	0	0	0	0	0	0	0	0	0	0
X654	Hap2	0	0	0	0	0	0	0	0	0	0	0	0	0	0	0	0
X642	Hap2	0	0	0	0	0	0	0	0	0	0	0	0	0	0	0	0
X640	Hap2	0	0	0	0	0	0	0	0	0	0	0	0	0	0	0	0
X64	Hap2	0	0	0	0	0	0	0	0	0	0	0	0	0	0	0	0
X638	Hap2	0	0	0	0	0	0	0	0	0	0	0	0	0	0	0	0
X634	Hap2	0	0	0	0	0	0	0	0	0	0	0	0	0	0	0	0
X632	Hap2	0	0	0	0	0	0	0	0	0	0	0	0	0	0	0	0
X630	Hap2	0	0	0	0	0	0	0	0	0	0	0	0	0	0	0	0
X628	Hap2	0	0	0	0	0	0	0	0	0	0	0	0	0	0	0	0
X626	Hap2	0	0	0	0	0	0	0	0	0	0	0	0	0	0	0	0
X624	Hap2	0	0	0	0	0	0	0	0	0	0	0	0	0	0	0	0
X622	Hap2	0	0	0	0	0	0	0	0	0	0	0	0	0	0	0	0
X620	Hap2	0	0	0	0	0	0	0	0	0	0	0	0	0	0	0	0
X614	Hap2	0	0	0	0	0	0	0	0	0	0	0	0	0	0	0	0
X612	Hap2	0	0	0	0	0	0	0	0	0	0	0	0	0	0	0	0
X610	Hap2	0	0	0	0	0	0	0	0	0	0	0	0	0	0	0	0
X608	Hap2	0	0	0	0	0	0	0	0	0	0	0	0	0	0	0	0
X606	Hap2	0	0	0	0	0	0	0	0	0	0	0	0	0	0	0	0
X604	Hap2	0	0	0	0	0	0	0	0	0	0	0	0	0	0	0	0
X602	Hap2	0	0	0	0	0	0	0	0	0	0	0	0	0	0	0	0
X600	Hap2	0	0	0	0	0	0	0	0	0	0	0	0	0	0	0	0
X60	Hap2	0	0	0	0	0	0	0	0	0	0	0	0	0	0	0	0
X598	Hap2	0	0	0	0	0	0	0	0	0	0	0	0	0	0	0	0
X596	Hap2	0	0	0	0	0	0	0	0	0	0	0	0	0	0	0	0
X594	Hap2	0	0	0	0	0	0	0	0	0	0	0	0	0	0	0	0
X592	Hap2	0	0	0	0	0	0	0	0	0	0	0	0	0	0	0	0
X590	Hap2	0	0	0	0	0	0	0	0	0	0	0	0	0	0	0	0
X588	Hap2	0	0	0	0	0	0	0	0	0	0	0	0	0	0	0	0
X586	Hap2	0	0	0	0	0	0	0	0	0	0	0	0	0	0	0	0
X584	Hap2	0	0	0	0	0	0	0	0	0	0	0	0	0	0	0	0
X582	Hap2	0	0	0	0	0	0	0	0	0	0	0	0	0	0	0	0
X578	Hap2	0	0	0	0	0	0	0	0	0	0	0	0	0	0	0	0
X576	Hap2	0	0	0	0	0	0	0	0	0	0	0	0	0	0	0	0
X574	Hap2	0	0	0	0	0	0	0	0	0	0	0	0	0	0	0	0
X572	Hap2	0	0	0	0	0	0	0	0	0	0	0	0	0	0	0	0
X570	Hap2	0	0	0	0	0	0	0	0	0	0	0	0	0	0	0	0
X568	Hap2	0	0	0	0	0	0	0	0	0	0	0	0	0	0	0	0
X566	Hap2	0	0	0	0	0	0	0	0	0	0	0	0	0	0	0	0
X564	Hap2	0	0	0	0	0	0	0	0	0	0	0	0	0	0	0	0
X562	Hap2	0	0	0	0	0	0	0	0	0	0	0	0	0	0	0	0
X560	Hap2	0	0	0	0	0	0	0	0	0	0	0	0	0	0	0	0
X56	Hap2	0	0	0	0	0	0	0	0	0	0	0	0	0	0	0	0
X558	Hap2	0	0	0	0	0	0	0	0	0	0	0	0	0	0	0	0
X554	Hap2	0	0	0	0	0	0	0	0	0	0	0	0	0	0	0	0
X552	Hap2	0	0	0	0	0	0	0	0	0	0	0	0	0	0	0	0
X550	Hap2	0	0	0	0	0	0	0	0	0	0	0	0	0	0	0	0
X544	Hap2	0	0	0	0	0	0	0	0	0	0	0	0	0	0	0	0
X542	Hap2	0	0	0	0	0	0	0	0	0	0	0	0	0	0	0	0
X540	Hap2	0	0	0	0	0	0	0	0	0	0	0	0	0	0	0	0
X538	Hap2	0	0	0	0	0	0	0	0	0	0	0	0	0	0	0	0
X536	Hap2	0	0	0	0	0	0	0	0	0	0	0	0	0	0	0	0
X534	Hap2	0	0	0	0	0	0	0	0	0	0	0	0	0	0	0	0
X530	Hap2	0	0	0	0	0	0	0	0	0	0	0	0	0	0	0	0
X528	Hap2	0	0	0	0	0	0	0	0	0	0	0	0	0	0	0	0
X526	Hap2	0	0	0	0	0	0	0	0	0	0	0	0	0	0	0	0
X524	Hap2	0	0	0	0	0	0	0	0	0	0	0	0	0	0	0	0
X522	Hap2	0	0	0	0	0	0	0	0	0	0	0	0	0	0	0	0
X520	Hap2	0	0	0	0	0	0	0	0	0	0	0	0	0	0	0	0
X518	Hap2	0	0	0	0	0	0	0	0	0	0	0	0	0	0	0	0
X516	Hap2	0	0	0	0	0	0	0	0	0	0	0	0	0	0	0	0
X514	Hap2	0	0	0	0	0	0	0	0	0	0	0	0	0	0	0	0
X512	Hap2	0	0	0	0	0	0	0	0	0	0	0	0	0	0	0	0
X510	Hap2	0	0	0	0	0	0	0	0	0	0	0	0	0	0	0	0
X506	Hap2	0	0	0	0	0	0	0	0	0	0	0	0	0	0	0	0
X504	Hap2	0	0	0	0	0	0	0	0	0	0	0	0	0	0	0	0
X502	Hap2	0	0	0	0	0	0	0	0	0	0	0	0	0	0	0	0
X500	Hap2	0	0	0	0	0	0	0	0	0	0	0	0	0	0	0	0
X50	Hap2	0	0	0	0	0	0	0	0	0	0	0	0	0	0	0	0
X498	Hap2	0	0	0	0	0	0	0	0	0	0	0	0	0	0	0	0
X496	Hap2	0	0	0	0	0	0	0	0	0	0	0	0	0	0	0	0
X494	Hap2	0	0	0	0	0	0	0	0	0	0	0	0	0	0	0	0
X492	Hap2	0	0	0	0	0	0	0	0	0	0	0	0	0	0	0	0
X490	Hap2	0	0	0	0	0	0	0	0	0	0	0	0	0	0	0	0
X488	Hap2	0	0	0	0	0	0	0	0	0	0	0	0	0	0	0	0
X486	Hap2	0	0	0	0	0	0	0	0	0	0	0	0	0	0	0	0
X484	Hap2	0	0	0	0	0	0	0	0	0	0	0	0	0	0	0	0
X482	Hap2	0	0	0	0	0	0	0	0	0	0	0	0	0	0	0	0
X480	Hap2	0	0	0	0	0	0	0	0	0	0	0	0	0	0	0	0
X478	Hap2	0	0	0	0	0	0	0	0	0	0	0	0	0	0	0	0
X476	Hap2	0	0	0	0	0	0	0	0	0	0	0	0	0	0	0	0
X474	Hap2	0	0	0	0	0	0	0	0	0	0	0	0	0	0	0	0
X472	Hap2	0	0	0	0	0	0	0	0	0	0	0	0	0	0	0	0
X470	Hap2	0	0	0	0	0	0	0	0	0	0	0	0	0	0	0	0
X468	Hap2	0	0	0	0	0	0	0	0	0	0	0	0	0	0	0	0
X466	Hap2	0	0	0	0	0	0	0	0	0	0	0	0	0	0	0	0
X464	Hap2	0	0	0	0	0	0	0	0	0	0	0	0	0	0	0	0
X462	Hap2	0	0	0	0	0	0	0	0	0	0	0	0	0	0	0	0
X460	Hap2	0	0	0	0	0	0	0	0	0	0	0	0	0	0	0	0
X456	Hap2	0	0	0	0	0	0	0	0	0	0	0	0	0	0	0	0
X454	Hap2	0	0	0	0	0	0	0	0	0	0	0	0	0	0	0	0
X452	Hap2	0	0	0	0	0	0	0	0	0	0	0	0	0	0	0	0
X450	Hap2	0	0	0	0	0	0	0	0	0	0	0	0	0	0	0	0
X448	Hap2	0	0	0	0	0	0	0	0	0	0	0	0	0	0	0	0
X446	Hap2	0	0	0	0	0	0	0	0	0	0	0	0	0	0	0	0
X442	Hap2	0	0	0	0	0	0	0	0	0	0	0	0	0	0	0	0
X440	Hap2	0	0	0	0	0	0	0	0	0	0	0	0	0	0	0	0
X44	Hap2	0	0	0	0	0	0	0	0	0	0	0	0	0	0	0	0
X438	Hap2	0	0	0	0	0	0	0	0	0	0	0	0	0	0	0	0
X436	Hap2	0	0	0	0	0	0	0	0	0	0	0	0	0	0	0	0
X434	Hap2	0	0	0	0	0	0	0	0	0	0	0	0	0	0	0	0
X430	Hap2	0	0	0	0	0	0	0	0	0	0	0	0	0	0	0	0
X428	Hap2	0	0	0	0	0	0	0	0	0	0	0	0	0	0	0	0
X424	Hap2	0	0	0	0	0	0	0	0	0	0	0	0	0	0	0	0
X422	Hap2	0	0	0	0	0	0	0	0	0	0	0	0	0	0	0	0
X420	Hap2	0	0	0	0	0	0	0	0	0	0	0	0	0	0	0	0
X42	Hap2	0	0	0	0	0	0	0	0	0	0	0	0	0	0	0	0
X416	Hap2	0	0	0	0	0	0	0	0	0	0	0	0	0	0	0	0
X414	Hap2	0	0	0	0	0	0	0	0	0	0	0	0	0	0	0	0
X412	Hap2	0	0	0	0	0	0	0	0	0	0	0	0	0	0	0	0
X410	Hap2	0	0	0	0	0	0	0	0	0	0	0	0	0	0	0	0
X408	Hap2	0	0	0	0	0	0	0	0	0	0	0	0	0	0	0	0
X406	Hap2	0	0	0	0	0	0	0	0	0	0	0	0	0	0	0	0
X404	Hap2	0	0	0	0	0	0	0	0	0	0	0	0	0	0	0	0
X402	Hap2	0	0	0	0	0	0	0	0	0	0	0	0	0	0	0	0
X400	Hap2	0	0	0	0	0	0	0	0	0	0	0	0	0	0	0	0
X398	Hap2	0	0	0	0	0	0	0	0	0	0	0	0	0	0	0	0
X396	Hap2	0	0	0	0	0	0	0	0	0	0	0	0	0	0	0	0
X394	Hap2	0	0	0	0	0	0	0	0	0	0	0	0	0	0	0	0
X392	Hap2	0	0	0	0	0	0	0	0	0	0	0	0	0	0	0	0
X390	Hap2	0	0	0	0	0	0	0	0	0	0	0	0	0	0	0	0
X388	Hap2	0	0	0	0	0	0	0	0	0	0	0	0	0	0	0	0
X386	Hap2	0	0	0	0	0	0	0	0	0	0	0	0	0	0	0	0
X384	Hap2	0	0	0	0	0	0	0	0	0	0	0	0	0	0	0	0
X380	Hap2	0	0	0	0	0	0	0	0	0	0	0	0	0	0	0	0
X378	Hap2	0	0	0	0	0	0	0	0	0	0	0	0	0	0	0	0
X376	Hap2	0	0	0	0	0	0	0	0	0	0	0	0	0	0	0	0
X374	Hap2	0	0	0	0	0	0	0	0	0	0	0	0	0	0	0	0
X372	Hap2	0	0	0	0	0	0	0	0	0	0	0	0	0	0	0	0
X370	Hap2	0	0	0	0	0	0	0	0	0	0	0	0	0	0	0	0
X366	Hap2	0	0	0	0	0	0	0	0	0	0	0	0	0	0	0	0
X364	Hap2	0	0	0	0	0	0	0	0	0	0	0	0	0	0	0	0
X362	Hap2	0	0	0	0	0	0	0	0	0	0	0	0	0	0	0	0
X360	Hap2	0	0	0	0	0	0	0	0	0	0	0	0	0	0	0	0
X358	Hap2	0	0	0	0	0	0	0	0	0	0	0	0	0	0	0	0
X356	Hap2	0	0	0	0	0	0	0	0	0	0	0	0	0	0	0	0
X354	Hap2	0	0	0	0	0	0	0	0	0	0	0	0	0	0	0	0
X352	Hap2	0	0	0	0	0	0	0	0	0	0	0	0	0	0	0	0
X350	Hap2	0	0	0	0	0	0	0	0	0	0	0	0	0	0	0	0
X348	Hap2	0	0	0	0	0	0	0	0	0	0	0	0	0	0	0	0
X346	Hap2	0	0	0	0	0	0	0	0	0	0	0	0	0	0	0	0
X344	Hap2	0	0	0	0	0	0	0	0	0	0	0	0	0	0	0	0
X342	Hap2	0	0	0	0	0	0	0	0	0	0	0	0	0	0	0	0
X340	Hap2	0	0	0	0	0	0	0	0	0	0	0	0	0	0	0	0
X34	Hap2	0	0	0	0	0	0	0	0	0	0	0	0	0	0	0	0
X338	Hap2	0	0	0	0	0	0	0	0	0	0	0	0	0	0	0	0
X336	Hap2	0	0	0	0	0	0	0	0	0	0	0	0	0	0	0	0
X334	Hap2	0	0	0	0	0	0	0	0	0	0	0	0	0	0	0	0
X330	Hap2	0	0	0	0	0	0	0	0	0	0	0	0	0	0	0	0
X328	Hap2	0	0	0	0	0	0	0	0	0	0	0	0	0	0	0	0
X326	Hap2	0	0	0	0	0	0	0	0	0	0	0	0	0	0	0	0
X324	Hap2	0	0	0	0	0	0	0	0	0	0	0	0	0	0	0	0
X322	Hap2	0	0	0	0	0	0	0	0	0	0	0	0	0	0	0	0
X320	Hap2	0	0	0	0	0	0	0	0	0	0	0	0	0	0	0	0
X32	Hap2	0	0	0	0	0	0	0	0	0	0	0	0	0	0	0	0
X318	Hap2	0	0	0	0	0	0	0	0	0	0	0	0	0	0	0	0
X316	Hap2	0	0	0	0	0	0	0	0	0	0	0	0	0	0	0	0
X314	Hap2	0	0	0	0	0	0	0	0	0	0	0	0	0	0	0	0
X310	Hap2	0	0	0	0	0	0	0	0	0	0	0	0	0	0	0	0
X308	Hap2	0	0	0	0	0	0	0	0	0	0	0	0	0	0	0	0
X306	Hap2	0	0	0	0	0	0	0	0	0	0	0	0	0	0	0	0
X30	Hap2	0	0	0	0	0	0	0	0	0	0	0	0	0	0	0	0
X298	Hap2	0	0	0	0	0	0	0	0	0	0	0	0	0	0	0	0
X294	Hap2	0	0	0	0	0	0	0	0	0	0	0	0	0	0	0	0
X292	Hap2	0	0	0	0	0	0	0	0	0	0	0	0	0	0	0	0
X286	Hap2	0	0	0	0	0	0	0	0	0	0	0	0	0	0	0	0
X284	Hap2	0	0	0	0	0	0	0	0	0	0	0	0	0	0	0	0
X282	Hap2	0	0	0	0	0	0	0	0	0	0	0	0	0	0	0	0
X280	Hap2	0	0	0	0	0	0	0	0	0	0	0	0	0	0	0	0
X28	Hap2	0	0	0	0	0	0	0	0	0	0	0	0	0	0	0	0
X278	Hap2	0	0	0	0	0	0	0	0	0	0	0	0	0	0	0	0
X276	Hap2	0	0	0	0	0	0	0	0	0	0	0	0	0	0	0	0
X274	Hap2	0	0	0	0	0	0	0	0	0	0	0	0	0	0	0	0
X272	Hap2	0	0	0	0	0	0	0	0	0	0	0	0	0	0	0	0
X268	Hap2	0	0	0	0	0	0	0	0	0	0	0	0	0	0	0	0
X266	Hap2	0	0	0	0	0	0	0	0	0	0	0	0	0	0	0	0
X264	Hap2	0	0	0	0	0	0	0	0	0	0	0	0	0	0	0	0
X262	Hap2	0	0	0	0	0	0	0	0	0	0	0	0	0	0	0	0
X260	Hap2	0	0	0	0	0	0	0	0	0	0	0	0	0	0	0	0
X26	Hap2	0	0	0	0	0	0	0	0	0	0	0	0	0	0	0	0
X258	Hap2	0	0	0	0	0	0	0	0	0	0	0	0	0	0	0	0
X256	Hap2	0	0	0	0	0	0	0	0	0	0	0	0	0	0	0	0
X254	Hap2	0	0	0	0	0	0	0	0	0	0	0	0	0	0	0	0
X252	Hap2	0	0	0	0	0	0	0	0	0	0	0	0	0	0	0	0
X250	Hap2	0	0	0	0	0	0	0	0	0	0	0	0	0	0	0	0
X248	Hap2	0	0	0	0	0	0	0	0	0	0	0	0	0	0	0	0
X246	Hap2	0	0	0	0	0	0	0	0	0	0	0	0	0	0	0	0
X244	Hap2	0	0	0	0	0	0	0	0	0	0	0	0	0	0	0	0
X242	Hap2	0	0	0	0	0	0	0	0	0	0	0	0	0	0	0	0
X240	Hap2	0	0	0	0	0	0	0	0	0	0	0	0	0	0	0	0
X24	Hap2	0	0	0	0	0	0	0	0	0	0	0	0	0	0	0	0
X238	Hap2	0	0	0	0	0	0	0	0	0	0	0	0	0	0	0	0
X236	Hap2	0	0	0	0	0	0	0	0	0	0	0	0	0	0	0	0
X234	Hap2	0	0	0	0	0	0	0	0	0	0	0	0	0	0	0	0
X232	Hap2	0	0	0	0	0	0	0	0	0	0	0	0	0	0	0	0
X230	Hap2	0	0	0	0	0	0	0	0	0	0	0	0	0	0	0	0
X228	Hap2	0	0	0	0	0	0	0	0	0	0	0	0	0	0	0	0
X226	Hap2	0	0	0	0	0	0	0	0	0	0	0	0	0	0	0	0
X224	Hap2	0	0	0	0	0	0	0	0	0	0	0	0	0	0	0	0
X222	Hap2	0	0	0	0	0	0	0	0	0	0	0	0	0	0	0	0
X220	Hap2	0	0	0	0	0	0	0	0	0	0	0	0	0	0	0	0
X218	Hap2	0	0	0	0	0	0	0	0	0	0	0	0	0	0	0	0
X214	Hap2	0	0	0	0	0	0	0	0	0	0	0	0	0	0	0	0
X212	Hap2	0	0	0	0	0	0	0	0	0	0	0	0	0	0	0	0
X210	Hap2	0	0	0	0	0	0	0	0	0	0	0	0	0	0	0	0
X208	Hap2	0	0	0	0	0	0	0	0	0	0	0	0	0	0	0	0
X206	Hap2	0	0	0	0	0	0	0	0	0	0	0	0	0	0	0	0
X204	Hap2	0	0	0	0	0	0	0	0	0	0	0	0	0	0	0	0
X202	Hap2	0	0	0	0	0	0	0	0	0	0	0	0	0	0	0	0
X200	Hap2	0	0	0	0	0	0	0	0	0	0	0	0	0	0	0	0
X194	Hap2	0	0	0	0	0	0	0	0	0	0	0	0	0	0	0	0
X192	Hap2	0	0	0	0	0	0	0	0	0	0	0	0	0	0	0	0
X190	Hap2	0	0	0	0	0	0	0	0	0	0	0	0	0	0	0	0
X188	Hap2	0	0	0	0	0	0	0	0	0	0	0	0	0	0	0	0
X186	Hap2	0	0	0	0	0	0	0	0	0	0	0	0	0	0	0	0
X184	Hap2	0	0	0	0	0	0	0	0	0	0	0	0	0	0	0	0
X182	Hap2	0	0	0	0	0	0	0	0	0	0	0	0	0	0	0	0
X180	Hap2	0	0	0	0	0	0	0	0	0	0	0	0	0	0	0	0
X178	Hap2	0	0	0	0	0	0	0	0	0	0	0	0	0	0	0	0
X176	Hap2	0	0	0	0	0	0	0	0	0	0	0	0	0	0	0	0
X174	Hap2	0	0	0	0	0	0	0	0	0	0	0	0	0	0	0	0
X172	Hap2	0	0	0	0	0	0	0	0	0	0	0	0	0	0	0	0
X170	Hap2	0	0	0	0	0	0	0	0	0	0	0	0	0	0	0	0
X168	Hap2	0	0	0	0	0	0	0	0	0	0	0	0	0	0	0	0
X166	Hap2	0	0	0	0	0	0	0	0	0	0	0	0	0	0	0	0
X164	Hap2	0	0	0	0	0	0	0	0	0	0	0	0	0	0	0	0
X162	Hap2	0	0	0	0	0	0	0	0	0	0	0	0	0	0	0	0
X158	Hap2	0	0	0	0	0	0	0	0	0	0	0	0	0	0	0	0
X156	Hap2	0	0	0	0	0	0	0	0	0	0	0	0	0	0	0	0
X154	Hap2	0	0	0	0	0	0	0	0	0	0	0	0	0	0	0	0
X148	Hap2	0	0	0	0	0	0	0	0	0	0	0	0	0	0	0	0
X146	Hap2	0	0	0	0	0	0	0	0	0	0	0	0	0	0	0	0
X144	Hap2	0	0	0	0	0	0	0	0	0	0	0	0	0	0	0	0
X142	Hap2	0	0	0	0	0	0	0	0	0	0	0	0	0	0	0	0
X138	Hap2	0	0	0	0	0	0	0	0	0	0	0	0	0	0	0	0
X136	Hap2	0	0	0	0	0	0	0	0	0	0	0	0	0	0	0	0
X134	Hap2	0	0	0	0	0	0	0	0	0	0	0	0	0	0	0	0
X132	Hap2	0	0	0	0	0	0	0	0	0	0	0	0	0	0	0	0
X130	Hap2	0	0	0	0	0	0	0	0	0	0	0	0	0	0	0	0
X128	Hap2	0	0	0	0	0	0	0	0	0	0	0	0	0	0	0	0
X126	Hap2	0	0	0	0	0	0	0	0	0	0	0	0	0	0	0	0
X124	Hap2	0	0	0	0	0	0	0	0	0	0	0	0	0	0	0	0
X122	Hap2	0	0	0	0	0	0	0	0	0	0	0	0	0	0	0	0
X120	Hap2	0	0	0	0	0	0	0	0	0	0	0	0	0	0	0	0
X118	Hap2	0	0	0	0	0	0	0	0	0	0	0	0	0	0	0	0
X116	Hap2	0	0	0	0	0	0	0	0	0	0	0	0	0	0	0	0
X114	Hap2	0	0	0	0	0	0	0	0	0	0	0	0	0	0	0	0
X110	Hap2	0	0	0	0	0	0	0	0	0	0	0	0	0	0	0	0
X1072	Hap2	0	0	0	0	0	0	0	0	0	0	0	0	0	0	0	0
X1070	Hap2	0	0	0	0	0	0	0	0	0	0	0	0	0	0	0	0
X1068	Hap2	0	0	0	0	0	0	0	0	0	0	0	0	0	0	0	0
X1066	Hap2	0	0	0	0	0	0	0	0	0	0	0	0	0	0	0	0
X1064	Hap2	0	0	0	0	0	0	0	0	0	0	0	0	0	0	0	0
X1062	Hap2	0	0	0	0	0	0	0	0	0	0	0	0	0	0	0	0
X1060	Hap2	0	0	0	0	0	0	0	0	0	0	0	0	0	0	0	0
X106	Hap2	0	0	0	0	0	0	0	0	0	0	0	0	0	0	0	0
X1058	Hap2	0	0	0	0	0	0	0	0	0	0	0	0	0	0	0	0
X1056	Hap2	0	0	0	0	0	0	0	0	0	0	0	0	0	0	0	0
X1054	Hap2	0	0	0	0	0	0	0	0	0	0	0	0	0	0	0	0
X1050	Hap2	0	0	0	0	0	0	0	0	0	0	0	0	0	0	0	0
X1048	Hap2	0	0	0	0	0	0	0	0	0	0	0	0	0	0	0	0
X1042	Hap2	0	0	0	0	0	0	0	0	0	0	0	0	0	0	0	0
X1040	Hap2	0	0	0	0	0	0	0	0	0	0	0	0	0	0	0	0
X104	Hap2	0	0	0	0	0	0	0	0	0	0	0	0	0	0	0	0
X1038	Hap2	0	0	0	0	0	0	0	0	0	0	0	0	0	0	0	0
X1020	Hap2	0	0	0	0	0	0	0	0	0	0	0	0	0	0	0	0
X1018	Hap2	0	0	0	0	0	0	0	0	0	0	0	0	0	0	0	0
X1016	Hap2	0	0	0	0	0	0	0	0	0	0	0	0	0	0	0	0
X1010	Hap2	0	0	0	0	0	0	0	0	0	0	0	0	0	0	0	0
X100	Hap2	0	0	0	0	0	0	0	0	0	0	0	0	0	0	0	0
X1000	Hap2	0	0	0	0	0	0	0	0	0	0	0	0	0	0	0	0
X762	Hap2	0	0	0	0	0	0	0	0	0	2	0	0	0	0	0	0
X1002	Hap2	0	0	0	0	0	0	0	0	0	2	0	0	0	0	0	0
X750	Hap2	0	0	0	0	0	0	0	0	0	2	0	0	0	0	0	0
X458	Hap1	2	2	2	2	2	2	2	2	2	2	2	2	0	0	0	0
X1004	Hap1	2	0	0	0	2	2	2	2	2	2	2	2	2	2	2	2
X954	Hap1	2	0	0	0	2	2	2	2	2	2	2	2	2	2	2	2
X994	Hap1	2	2	2	2	2	2	2	2	2	2	2	0	2	0	2	2
X968	Hap1	2	2	2	2	2	2	2	2	2	2	2	0	2	0	2	2
X966	Hap1	2	2	2	2	2	2	2	2	2	2	2	0	2	0	2	2
X70	Hap1	2	2	2	2	2	2	2	2	2	2	2	0	2	0	2	2
X684	Hap1	2	2	2	2	2	2	2	2	2	2	2	0	2	0	2	2
X556	Hap1	2	2	2	2	2	2	2	2	2	2	2	0	2	0	2	2
X48	Hap1	2	2	2	2	2	2	2	2	2	2	2	0	2	0	2	2
X508	Hap1	2	2	2	2	2	2	2	2	2	2	2	0	2	0	2	2
X1028	Hap1	2	2	2	2	0	2	2	2	2	2	2	2	2	2	2	2
X998	Hap1	2	2	2	2	2	2	2	2	2	2	2	2	2	2	2	2
X990	Hap1	2	2	2	2	2	2	2	2	2	2	2	2	2	2	2	2
X988	Hap1	2	2	2	2	2	2	2	2	2	2	2	2	2	2	2	2
X986	Hap1	2	2	2	2	2	2	2	2	2	2	2	2	2	2	2	2
X982	Hap1	2	2	2	2	2	2	2	2	2	2	2	2	2	2	2	2
X978	Hap1	2	2	2	2	2	2	2	2	2	2	2	2	2	2	2	2
X96	Hap1	2	2	2	2	2	2	2	2	2	2	2	2	2	2	2	2
X950	Hap1	2	2	2	2	2	2	2	2	2	2	2	2	2	2	2	2
X944	Hap1	2	2	2	2	2	2	2	2	2	2	2	2	2	2	2	2
X940	Hap1	2	2	2	2	2	2	2	2	2	2	2	2	2	2	2	2
X92	Hap1	2	2	2	2	2	2	2	2	2	2	2	2	2	2	2	2
X850	Hap1	2	2	2	2	2	2	2	2	2	2	2	2	2	2	2	2
X846	Hap1	2	2	2	2	2	2	2	2	2	2	2	2	2	2	2	2
X828	Hap1	2	2	2	2	2	2	2	2	2	2	2	2	2	2	2	2
X788	Hap1	2	2	2	2	2	2	2	2	2	2	2	2	2	2	2	2
X780	Hap1	2	2	2	2	2	2	2	2	2	2	2	2	2	2	2	2
X752	Hap1	2	2	2	2	2	2	2	2	2	2	2	2	2	2	2	2
X738	Hap1	2	2	2	2	2	2	2	2	2	2	2	2	2	2	2	2
X730	Hap1	2	2	2	2	2	2	2	2	2	2	2	2	2	2	2	2
X728	Hap1	2	2	2	2	2	2	2	2	2	2	2	2	2	2	2	2
X724	Hap1	2	2	2	2	2	2	2	2	2	2	2	2	2	2	2	2
X670	Hap1	2	2	2	2	2	2	2	2	2	2	2	2	2	2	2	2
X658	Hap1	2	2	2	2	2	2	2	2	2	2	2	2	2	2	2	2
X656	Hap1	2	2	2	2	2	2	2	2	2	2	2	2	2	2	2	2
X650	Hap1	2	2	2	2	2	2	2	2	2	2	2	2	2	2	2	2
X648	Hap1	2	2	2	2	2	2	2	2	2	2	2	2	2	2	2	2
X644	Hap1	2	2	2	2	2	2	2	2	2	2	2	2	2	2	2	2
X618	Hap1	2	2	2	2	2	2	2	2	2	2	2	2	2	2	2	2
X6	Hap1	2	2	2	2	2	2	2	2	2	2	2	2	2	2	2	2
X46	Hap1	2	2	2	2	2	2	2	2	2	2	2	2	2	2	2	2
X444	Hap1	2	2	2	2	2	2	2	2	2	2	2	2	2	2	2	2
X432	Hap1	2	2	2	2	2	2	2	2	2	2	2	2	2	2	2	2
X40	Hap1	2	2	2	2	2	2	2	2	2	2	2	2	2	2	2	2
X4	Hap1	2	2	2	2	2	2	2	2	2	2	2	2	2	2	2	2
X368	Hap1	2	2	2	2	2	2	2	2	2	2	2	2	2	2	2	2
X36	Hap1	2	2	2	2	2	2	2	2	2	2	2	2	2	2	2	2
X304	Hap1	2	2	2	2	2	2	2	2	2	2	2	2	2	2	2	2
X302	Hap1	2	2	2	2	2	2	2	2	2	2	2	2	2	2	2	2
X300	Hap1	2	2	2	2	2	2	2	2	2	2	2	2	2	2	2	2
X296	Hap1	2	2	2	2	2	2	2	2	2	2	2	2	2	2	2	2
X290	Hap1	2	2	2	2	2	2	2	2	2	2	2	2	2	2	2	2
X288	Hap1	2	2	2	2	2	2	2	2	2	2	2	2	2	2	2	2
X270	Hap1	2	2	2	2	2	2	2	2	2	2	2	2	2	2	2	2
X22	Hap1	2	2	2	2	2	2	2	2	2	2	2	2	2	2	2	2
X20	Hap1	2	2	2	2	2	2	2	2	2	2	2	2	2	2	2	2
X2	Hap1	2	2	2	2	2	2	2	2	2	2	2	2	2	2	2	2
X198	Hap1	2	2	2	2	2	2	2	2	2	2	2	2	2	2	2	2
X196	Hap1	2	2	2	2	2	2	2	2	2	2	2	2	2	2	2	2
X18	Hap1	2	2	2	2	2	2	2	2	2	2	2	2	2	2	2	2
X160	Hap1	2	2	2	2	2	2	2	2	2	2	2	2	2	2	2	2
X16	Hap1	2	2	2	2	2	2	2	2	2	2	2	2	2	2	2	2
X152	Hap1	2	2	2	2	2	2	2	2	2	2	2	2	2	2	2	2
X150	Hap1	2	2	2	2	2	2	2	2	2	2	2	2	2	2	2	2
X14	Hap1	2	2	2	2	2	2	2	2	2	2	2	2	2	2	2	2
X12	Hap1	2	2	2	2	2	2	2	2	2	2	2	2	2	2	2	2
X108	Hap1	2	2	2	2	2	2	2	2	2	2	2	2	2	2	2	2
X1052	Hap1	2	2	2	2	2	2	2	2	2	2	2	2	2	2	2	2
X1044	Hap1	2	2	2	2	2	2	2	2	2	2	2	2	2	2	2	2
X1036	Hap1	2	2	2	2	2	2	2	2	2	2	2	2	2	2	2	2
X1034	Hap1	2	2	2	2	2	2	2	2	2	2	2	2	2	2	2	2
X1032	Hap1	2	2	2	2	2	2	2	2	2	2	2	2	2	2	2	2
X1030	Hap1	2	2	2	2	2	2	2	2	2	2	2	2	2	2	2	2
X1026	Hap1	2	2	2	2	2	2	2	2	2	2	2	2	2	2	2	2
X1024	Hap1	2	2	2	2	2	2	2	2	2	2	2	2	2	2	2	2
X1022	Hap1	2	2	2	2	2	2	2	2	2	2	2	2	2	2	2	2
X102	Hap1	2	2	2	2	2	2	2	2	2	2	2	2	2	2	2	2
X1014	Hap1	2	2	2	2	2	2	2	2	2	2	2	2	2	2	2	2
X10	Hap1	2	2	2	2	2	2	2	2	2	2	2	2	2	2	2	2
X1006	Hap1	2	2	2	2	2	2	2	2	2	2	2	2	2	2	2	2
X616	Hap1	2	2	2	2	2	2	2	2	2	2	2	0	2	2	2	2
X548	Hap1	2	2	2	2	2	2	2	2	2	2	2	0	2	2	2	2
X546	Hap1	2	2	2	2	2	2	2	2	2	2	2	0	2	2	2	2
X1012	Hap1	2	2	2	2	2	2	2	2	2	2	2	0	2	2	2	2
X532	Hap1	2	2	2	2	2	2	2	2	2	2	2	0	2	2	2	2
